soma <- 5+5
