soma <- 5+5
sub <- 5-5
mult <- 5*5
